Save: 5 
Display_range: 60 
Start_position: [50,50]-[60,50]-[70,50]-
(0,20,10)-(0,20,10)-(0,20,10)-(3,20,10)-(2,20,10)-(1,20,10)-(0,20,10)-(3,20,10)-(3,20,10)-(3,20,10)-(2,20,10)-(1,20,10)-(0,20,10)-(0,20,10)-(0,20,10)-(3,20,10)-(2,20,40)-(2,20,40)-(2,20,40)-(2,30,20)-(2,30,20)-(1,30,20)-(0,30,20)-(0,30,20)-(0,10,20)-(3,10,20)-(3,0,40)-(0,0,40)-(1,0,40)-(1,0,40)-(0,0,40)-(3,0,40)-(3,0,40)-(3,0,40)-(2,0,40)-(2,0,40)-(2,0,40)-(2,10,20)-(2,10,20)-(1,10,20)-(0,10,20)-(0,10,20)-(0,30,10)-(0,30,10)-(1,30,10)-(1,30,50)-(1,30,50)-(1,30,50)-(0,30,50)-(3,30,50)-(3,30,50)-(3,30,50)-(3,30,50)-(3,30,50)-(2,30,50)-(2,30,50)-(2,30,50)-(1,30,50)-(1,30,50)-(2,30,50)-(3,30,50)-(3,30,50)-(2,30,50)-(1,30,50)-(1,30,50)-(1,30,10)-(0,30,10)-(0,30,10)-(0,30,10)-(0,10,10)-(1,10,10)-(2,10,10)-(2,10,10)-(2,10,10)-(2,10,10)-(1,10,10)-(0,10,10)-(0,10,10)-(0,10,10)-(0,10,10)-(0,10,10)-(3,10,10)-(3,10,10)-(3,10,10)-(3,10,10)-(3,10,10)-(2,10,10)-(1,20,20)-(1,20,20)-(2,20,30)-(2,10,30)-(2,10,30)-(3,10,30)-(0,10,20)-(0,0,40)-(3,0,40)-(2,0,40)-(2,30,10)-(2,30,10)-(1,30,10)-(1,30,10)-(1,30,10)-(0,30,10)-(0,30,10)-(0,30,10)-(0,10,0)-(0,10,0)-(3,10,0)-(3,40,0)-(3,40,0)-(2,40,0)-(1,40,0)-(1,40,0)-(2,40,0)-(2,40,0)-(2,40,0)-(3,40,0)-(0,40,0)-(0,40,0)-(3,40,0)-(2,40,0)-(2,40,0)-(2,40,0)-(1,40,0)-(1,40,0)-(1,40,0)-(0,40,0)-(0,40,0)-(0,40,0)-(0,40,0)-(1,40,0)-(2,40,0)-(2,40,0)-(2,40,0)-(2,40,0)-(1,40,0)-(0,40,0)-(0,40,0)-(0,40,0)-(0,40,0)-(0,40,0)-(3,10,20)-(3,10,20)-(3,10,20)-(2,10,20)-(2,10,20)-(3,0,0)-(0,0,0)-(0,0,0)-(3,0,40)-(2,0,40)-(2,0,40)-(2,0,40)-(2,10,40)-(2,10,40)-(1,10,40)-(0,40,10)-(0,40,10)-(1,40,10)-(1,40,10)-(0,40,10)-(0,40,10)-(1,40,30)-(2,40,30)-(2,20,40)-(2,20,40)-(3,20,40)-(3,50,40)-(2,50,40)-(1,50,40)-(1,50,40)-(1,50,40)-(0,40,0)-(0,40,0)-(0,40,0)-(0,40,0)-(0,40,0)-(3,10,20)-(3,10,20)-(3,10,20)-(2,10,20)-(2,10,20)-(3,0,20)-(3,10,0)-(3,10,0)- DEATH 
Time: 117:12:895
score: 29
Energy: (display_range/10) ** 3
logica_movimento: primeiro movimento de maior pontuação dos bot. aleatorio se tiver empate
logica_bot: 
    numero: 10000
    movimentação: restrição de mapa e evitar bater parede e cobra.
    energia: tem uma energia inicial e perde 1 por passo 
    pontuação: retorna uma valor 10 como score quando pega a maçã